1.00 9920 0.09 0.09 0.09 0.05 1.00057 191 0.45647 122 0.387649 128 0.320273 117 0.398194 116 0.591298 130 1.01424 208 2.37216 1 0.162862 1.78687e-08 5.44425e-16 0.0107754 0.292 0.0839331 0.17629
1.00 9920 0.09 0.09 0.09 0.05 0.959761 191 0.320652 122 0.310251 128 0.288024 117 0.324162 116 0.498261 130 0.894431 208 2.35304 1 0.142463 3.98603e-10 5.29764e-21 0.00572335 0.260995 0.036191 0.178016
1.00 9920 0.09 0.09 0.09 0.05 0.953407 191 0.718407 122 0.625975 128 0.621776 117 0.62642 116 0.884895 130 0.946953 208 4.08606 1 2.61091e-26 7.67058e-25 5.41547e-22 1.73962e-23 5.17959e-19 2.80711e-19 1.99207e-15
1.00 9920 0.09 0.09 0.09 0.05 0.933149 191 0.673629 122 0.555648 128 0.585398 117 0.576577 116 0.777682 130 0.94094 208 3.79479 1 1.03683e-23 8.03134e-25 1.20041e-23 1.96801e-22 1.01338e-16 7.54108e-17 6.33883e-14
1.00 9920 0.09 0.09 0.09 0.05 0.924617 191 0.844709 122 0.858191 128 0.823232 117 0.870692 116 1.1031 160 1.08343 211 1.00296 1 5.56774e-36 2.49253e-15 1.62139e-24 2.20941e-22 2.19524e-26 4.00687e-25 2.60469e-30
1.00 9920 0.09 0.09 0.09 0.05 0.898503 191 0.382735 122 0.363628 128 0.270623 117 0.427793 116 0.604024 130 0.808281 208 1.85232 0.954991 4.16985e-07 5.08647e-05 1.61569e-23 0.101539 3.48138e-05 0.010404 2.03361e-08
1.00 9920 0.09 0.09 0.09 0.05 0.87312 191 0.329125 122 0.229319 128 0.227362 117 0.29735 116 0.259383 130 0.796813 208 2.27258 1 0.770759 2.35319e-13 2.19538e-30 0.00180571 0.265117 0.0541088 0.0300258
1.00 9920 0.09 0.09 0.09 0.05 0.707043 191 0.244189 122 0.176445 128 0.210616 117 0.223377 116 0.19005 130 0.579248 208 2.37468 1 0.00175557 3.16897e-27 0 1.11978e-07 0.00251229 0.00021632 0.0276006
1.00 9920 0.09 0.09 0.09 0.05 0.618918 191 0.161528 122 0.0896091 128 0.125672 117 0.0972579 116 0.052825 130 0.39545 208 2.30257 1 3.79155e-18 0 0 0 6.43886e-25 0 1.14221e-24
1.00 9920 0.20 0.20 0.12 0.05 1.08343 191 0.547019 122 0.672276 128 0.653237 118 0.710321 119 0.895324 183 0.572341 213 0.900101 1.32175 0 0 0 0 0 0 0
1.00 9920 0.20 0.20 0.12 0.05 0.452602 191 0.188265 122 0.119292 128 0.132299 117 0.126946 116 0.0832693 130 0.397001 208 2.08986 0.522655 0.070945 7.84456e-34 0 1.20293e-12 0.00296767 4.88448e-05 1.34814e-06
1.00 9920 0.20 0.20 0.12 0.05 0.88512 191 0.165128 122 0.11339 128 0.130525 117 0.134636 116 0.0768514 130 0.509556 208 2.1036 1 0.0111987 0 0 1.42089e-13 0.000373754 2.07024e-06 3.56104e-07
1.00 9920 0.20 0.20 0.12 0.12 0.479449 191 0.251397 122 0.304019 128 0.287687 117 0.320111 116 0.527904 130 0.717454 209 1.40851 0.672466 4.38548e-16 2.95161e-09 0.23838 3.3763e-06 2.94902e-11 5.49009e-08 2.19767e-11
1.00 9920 0.20 0.20 0.12 0.12 0.792659 191 0.558627 122 0.611023 128 0.621938 118 0.662796 116 0.843493 176 0.579067 214 0.846728 1.72555 0 8.29187e-35 0 0 0 0 0
1.00 9920 0.20 0.20 0.12 0.12 0.214171 191 0.183612 122 0.114985 128 0.147171 117 0.136323 116 0.125495 130 0.205441 208 1.92294 0.693736 0.262914 0.576347 0.00548654 1.18987e-08 0.0335695 0.00257391 0.000350703
1.00 9920 0.20 0.20 0.22 0.12 0.845456 191 0.350015 122 0.38905 128 0.348439 117 0.458937 116 0.644924 130 0.637282 208 1.63757 1 1.58152e-07 0.480277 7.28987e-17 0.00804764 8.05642e-06 0.000120878 2.9528e-07
1.00 9920 0.20 0.20 0.22 0.12 0.926611 191 0.563424 122 0.658503 128 0.631038 117 0.73518 116 0.900046 166 0.6458 210 1.02313 1.71659 0 2.17458e-13 0 3.55683e-39 0 4.06539e-40 0
1.00 9920 0.20 0.20 0.22 0.12 0.268952 192 0.197283 122 0.133676 128 0.143281 117 0.161777 116 0.136912 130 0.257958 208 2.22168 0.518951 0.115233 0.0517304 0.000210636 1.09588e-07 0.0107353 0.00893733 5.92305e-05
1.00 9920 0.50 0.50 0.12 0.06 0.905279 191 0.34553 122 0.219634 128 0.244608 117 0.222105 116 0.283061 130 0.743665 208 1.99699 1 0.299388 1.10157e-20 0 0.000132234 0.189548 0.0465462 0.0898775
1.00 9920 0.50 0.50 0.12 0.06 0.846426 191 0.182414 122 0.126006 128 0.124188 117 0.122272 116 0.083748 130 0.505971 208 1.95989 1 0.017767 0 0 2.68141e-14 0.00129741 3.56501e-05 1.57238e-08
1.00 9920 0.50 0.50 0.12 0.06 0.852609 191 0.153627 122 0.0867306 128 0.108429 117 0.10286 116 0.0506851 130 0.476795 208 1.95893 1 0.00373292 0 0 1.02381e-26 1.39221e-05 2.43001e-10 5.00157e-12
1.00 9920 0.50 0.50 0.12 0.06 0.833284 191 0.132594 122 0.0795417 128 0.103238 117 0.0868047 116 0.0309444 131 0.4504 208 1.96507 1 0 0 0 0 0 0 0
