380.497	0
386.599	5.56329e-05
387.006	5.53098e-05
387.413	5.53744e-05
387.82	5.53744e-05
388.226	5.5956e-05
388.633	5.61498e-05
389.04	5.67313e-05
389.447	5.64729e-05
389.854	5.80236e-05
390.261	5.81529e-05
390.667	6.02205e-05
391.074	5.98328e-05
391.481	6.21589e-05
391.888	6.4162e-05
392.295	6.61004e-05
392.702	6.84265e-05
393.108	7.17865e-05
393.515	7.65033e-05
393.922	8.13494e-05
394.329	8.6777e-05
394.736	9.27861e-05
395.143	0.000101251
395.55	0.000111718
395.956	0.000122638
396.363	0.000134527
396.77	0.000152102
397.177	0.000168772
397.584	0.000190224
397.991	0.00021103
398.397	0.00023707
398.804	0.000266663
399.211	0.000298195
399.618	0.000331536
400.025	0.000371144
400.432	0.000410559
400.838	0.000454561
401.245	0.000503345
401.652	0.000553615
402.059	0.000604854
402.466	0.000661133
402.873	0.000720837
403.279	0.0007839
403.686	0.000852327
404.093	0.0009172
404.5	0.000992282
404.907	0.00105528
405.314	0.00113333
405.72	0.0012101
406.127	0.00128944
406.534	0.00136685
406.941	0.00145188
407.348	0.00153362
407.755	0.00161232
408.161	0.00170039
408.568	0.00178574
408.975	0.00186315
409.382	0.00195762
409.789	0.00204485
410.196	0.00212193
410.602	0.00221549
411.009	0.00230234
411.416	0.00238808
411.823	0.0024662
412.23	0.00255556
412.637	0.00264066
413.043	0.0027222
413.45	0.00281033
413.857	0.00288516
414.264	0.00296605
414.671	0.00304695
415.078	0.00313295
415.484	0.00319821
415.891	0.00328783
416.298	0.00337539
416.705	0.00343386
417.112	0.00351792
417.519	0.00358784
417.925	0.00365168
418.332	0.00373483
418.739	0.00382594
419.146	0.00388183
419.553	0.00394509
419.96	0.00400137
420.367	0.00407787
420.773	0.00413525
421.18	0.00419644
421.587	0.00426487
421.994	0.00431966
422.401	0.00439009
422.808	0.0044412
423.214	0.00449883
423.621	0.00454329
424.028	0.00459912
424.435	0.00465339
424.842	0.00470721
425.249	0.00475361
425.655	0.00480562
426.062	0.00484219
426.469	0.00488807
426.876	0.00493996
427.283	0.00497982
427.69	0.00502156
428.096	0.00506518
428.503	0.00509813
428.91	0.00512844
429.317	0.00518491
429.724	0.00519395
430.131	0.00523117
430.537	0.00526535
430.944	0.00528887
431.351	0.0053153
431.758	0.00533145
432.165	0.00536499
432.572	0.00539251
432.978	0.00540692
433.385	0.00542379
433.792	0.00545383
434.199	0.00545467
434.606	0.00547412
435.013	0.00549816
435.419	0.00551244
435.826	0.00550701
436.233	0.00552413
436.64	0.00553266
437.047	0.00553001
437.454	0.00554339
437.86	0.00554074
438.267	0.0055536
438.674	0.00555922
439.081	0.00554442
439.488	0.00554604
439.895	0.00555431
440.301	0.00555056
440.708	0.00555101
441.115	0.00553699
441.522	0.00553441
441.929	0.00554319
442.336	0.00553131
442.742	0.00551715
443.149	0.00551515
443.556	0.00549609
443.963	0.0054853
444.37	0.00547955
444.777	0.00546391
445.183	0.00544375
445.59	0.00543665
445.997	0.00542605
446.404	0.00539542
446.811	0.0053856
447.218	0.00535846
447.625	0.00533733
448.031	0.00532525
448.438	0.00532002
448.845	0.00530612
449.252	0.00526102
449.659	0.00522613
450.066	0.00521631
450.472	0.00518394
450.879	0.00516339
451.286	0.00513948
451.693	0.00512217
452.1	0.00510136
452.507	0.00505768
452.913	0.00503933
453.32	0.00500916
453.727	0.00498564
454.134	0.0049574
454.541	0.00492658
454.948	0.00488852
455.354	0.00485835
455.761	0.00482733
456.168	0.00479787
456.575	0.00475031
456.982	0.00472951
457.389	0.00470489
457.795	0.00466929
458.202	0.00463575
458.609	0.00459815
459.016	0.00455492
459.423	0.00452584
459.83	0.00448184
460.236	0.00445302
460.643	0.00442446
461.05	0.0043835
461.457	0.00434189
461.864	0.0043048
462.271	0.0042763
462.677	0.00423631
463.084	0.0042049
463.491	0.00415263
463.898	0.00413079
464.305	0.00410062
464.712	0.00405093
465.118	0.00401397
465.525	0.00397998
465.932	0.00394903
466.339	0.00391886
466.746	0.00387808
467.153	0.00383796
467.559	0.00381877
467.966	0.00377166
468.373	0.00373399
468.78	0.00370227
469.187	0.00366628
469.594	0.00363559
470	0.00358894
470.407	0.00355895
470.814	0.00352768
471.221	0.00349835
471.628	0.0034537
472.035	0.0034252
472.442	0.00339419
472.848	0.00336802
473.255	0.0033224
473.662	0.0032837
474.069	0.00325624
474.476	0.00322102
474.883	0.00318296
475.289	0.00315176
475.696	0.00312365
476.103	0.00308947
476.51	0.00305839
476.917	0.0030308
477.324	0.0029908
477.73	0.00296373
478.137	0.00293749
478.544	0.00291197
478.951	0.0028743
479.358	0.00283172
479.765	0.00280575
480.171	0.00277215
480.578	0.00274494
480.985	0.00270792
481.392	0.00267955
481.799	0.0026592
482.206	0.00261959
482.612	0.00259633
483.019	0.00255866
483.426	0.00252984
483.833	0.00250122
484.24	0.00247227
484.647	0.00244294
485.053	0.00242394
485.46	0.00238808
485.867	0.00235907
486.274	0.0023296
486.681	0.00230195
487.088	0.0022752
487.494	0.00224263
487.901	0.00222364
488.308	0.00218687
488.715	0.0021735
489.122	0.00214145
489.529	0.0021176
489.935	0.0020935
490.342	0.0020696
490.749	0.00203994
491.156	0.00201603
491.563	0.00199794
491.97	0.00195975
492.376	0.00193849
492.783	0.00192053
493.19	0.00188738
493.597	0.00187246
494.004	0.00184312
494.411	0.00182794
494.817	0.00180151
495.224	0.00177747
495.631	0.00174795
496.038	0.00172876
496.445	0.00170847
496.852	0.00168605
497.258	0.00165509
497.665	0.00163991
498.072	0.0016244
498.479	0.00159959
498.886	0.00157659
499.293	0.00155598
499.7	0.00153679
500.106	0.00151488
500.513	0.00149375
500.92	0.0014745
501.327	0.00145828
501.734	0.00143896
502.141	0.00141441
502.547	0.00139909
502.954	0.00138307
503.361	0.00136343
503.768	0.00134501
504.175	0.00132718
504.582	0.00131141
504.988	0.0012875
505.395	0.00128272
505.802	0.00125662
506.209	0.00123891
506.616	0.00122567
507.023	0.00120926
507.429	0.0011931
507.836	0.00117953
508.243	0.00116467
508.65	0.00114684
509.057	0.00113146
509.464	0.00111195
509.87	0.00110135
510.277	0.00108378
510.684	0.00106743
511.091	0.0010569
511.498	0.00104081
511.905	0.00102472
512.311	0.00101057
512.718	0.000999712
513.125	0.000986272
513.532	0.000976128
513.939	0.000960362
514.346	0.000945888
514.752	0.000933741
515.159	0.000920883
515.566	0.000905246
515.973	0.000895102
516.38	0.000886443
516.787	0.000873133
517.193	0.000861244
517.6	0.000849549
518.007	0.000835527
518.414	0.000823315
518.821	0.000813752
519.228	0.00080322
519.634	0.000786743
520.041	0.000777439
520.448	0.000772141
520.855	0.00075799
521.262	0.000746941
521.669	0.000734664
522.075	0.000723809
522.482	0.000717477
522.889	0.000704683
523.296	0.000693764
523.703	0.000685881
524.11	0.000678321
524.517	0.000666561
524.923	0.00065493
525.33	0.000647047
525.737	0.000641168
526.144	0.000633801
526.551	0.000620879
526.958	0.000616743
527.364	0.000604854
527.771	0.000593805
528.178	0.000590381
528.585	0.000581399
528.992	0.000570544
529.399	0.000568412
529.805	0.000560335
530.212	0.000547024
530.619	0.000543729
531.026	0.000533972
531.433	0.000525637
531.84	0.000519305
532.246	0.000512391
532.653	0.000507739
533.06	0.000501471
533.467	0.000494493
533.874	0.000486029
534.281	0.000480536
534.687	0.000471232
535.094	0.000466709
535.501	0.000461604
535.908	0.000457211
536.315	0.00044894
536.722	0.000444869
537.128	0.000437697
537.535	0.000435177
537.942	0.00042555
538.349	0.000422319
538.756	0.00041379
539.163	0.000408621
539.569	0.000405002
539.976	0.000397701
540.383	0.000394535
540.79	0.00038691
541.197	0.000384713
541.604	0.000381095
542.01	0.000374052
542.417	0.000369464
542.824	0.000362874
543.231	0.000359966
543.638	0.000354345
544.045	0.000349369
544.451	0.000345169
544.858	0.000338643
545.265	0.000338256
545.672	0.000332957
546.079	0.000329274
546.486	0.000324558
546.892	0.000319776
547.299	0.000313767
547.706	0.000310924
548.113	0.000305561
548.52	0.000302783
548.927	0.000298583
549.333	0.000295481
549.74	0.000291023
550.147	0.000290441
550.554	0.000283075
550.961	0.000283011
551.368	0.000279909
551.775	0.000272866
552.181	0.000271574
552.588	0.000267826
552.995	0.000265048
553.402	0.000264143
553.809	0.000255549
554.216	0.000255549
554.622	0.000252513
555.029	0.000247731
555.436	0.000245987
555.843	0.000241464
556.25	0.000241205
556.657	0.000236424
557.063	0.000234485
557.47	0.000231578
557.877	0.000228928
558.284	0.000226667
558.691	0.000222984
559.098	0.000221756
559.504	0.000220012
559.911	0.000214778
560.318	0.000211095
560.725	0.000210319
561.132	0.000207153
561.539	0.00020444
561.945	0.000204117
562.352	0.000201467
562.759	0.000199464
563.166	0.00019688
563.573	0.000194424
563.98	0.000192551
564.386	0.000191064
564.793	0.000188997
565.2	0.000184409
565.607	0.000183246
566.014	0.000181308
566.421	0.000181114
566.827	0.000176914
567.234	0.00017504
567.641	0.000175105
568.048	0.000172843
568.455	0.000170065
568.862	0.000167093
569.268	0.000165865
569.675	0.000163474
570.082	0.000162117
570.489	0.000160437
570.896	0.000159016
571.303	0.000156819
571.709	0.000156108
572.116	0.00015417
572.523	0.000154622
572.93	0.000151456
573.337	0.000150616
573.744	0.000148807
574.15	0.000148096
574.557	0.000145382
574.964	0.000144542
575.371	0.000142927
575.778	0.000143056
576.185	0.000139825
576.592	0.000140148
576.998	0.000137499
577.405	0.000136142
577.812	0.000136401
578.219	0.000135819
578.626	0.000134333
579.033	0.000131878
579.439	0.000130133
579.846	0.000131102
580.253	0.000129293
580.66	0.000128195
581.067	0.000126902
581.474	0.000125093
581.88	0.000125416
582.287	0.000123219
582.694	0.000122379
583.101	0.000120829
583.508	0.000120312
583.915	0.000118115
584.321	0.000118826
584.728	0.000117986
585.135	0.000116823
585.542	0.000116435
585.949	0.000115401
586.356	0.000114173
586.762	0.000112817
587.169	0.000111977
587.576	0.000110555
587.983	0.000110878
588.39	0.000108875
588.797	0.000109004
589.203	0
