1.5587 0.0275
1.5804 0.0351
1.6019 0.0352
1.6237 0.0352
1.6453 0.0352
1.667 0.0429
1.6886 0.043
1.7103 0.0431
1.732 0.0507
1.7537 0.0508
1.7753 0.0508
1.797 0.0585
1.8187 0.0585
1.8404 0.0662
1.862 0.0662
1.8838 0.0739
1.9055 0.0815
1.9272 0.0892
1.9489 0.0968
1.9706 0.1045
1.9923 0.1121
1.9924 0.1197
2.0141 0.1273
2.0142 0.1349
2.0359 0.1425
2.0359 0.1501
2.0576 0.1578
2.0577 0.1653
2.0794 0.173
2.0795 0.1804
2.0796 0.1881
2.1013 0.1958
2.1013 0.2033
2.123 0.211
2.1231 0.2186
2.1232 0.2261
2.1449 0.2338
2.1449 0.2413
2.145 0.2489
2.1667 0.2566
2.1668 0.2641
2.1885 0.2718
2.1886 0.2793
2.1886 0.2869
2.2103 0.2946
2.2104 0.3022
2.2321 0.3098
2.2322 0.3174
2.2323 0.3249
2.254 0.3326
2.254 0.3402
2.2541 0.3477
2.2758 0.3554
2.2759 0.363
2.2759 0.3705
2.2976 0.3782
2.2977 0.3858
2.2978 0.3933
2.2978 0.4009
2.3195 0.4085
2.3195 0.4161
2.3197 0.4237
2.3414 0.4313
2.3415 0.4389
2.3415 0.4465
2.3416 0.4541
2.3417 0.4616
2.3634 0.4693
2.3634 0.4769
2.3635 0.4844
2.3852 0.4921
2.3853 0.4997
2.3853 0.5072
2.3854 0.5148
2.3855 0.5224
2.3855 0.53
2.4073 0.5375
2.4073 0.5452
2.4074 0.5527
2.4291 0.5604
2.4292 0.568
2.4292 0.5755
2.4293 0.5831
2.4294 0.5907
2.4294 0.5983
2.4511 0.6059
2.4512 0.6135
2.4513 0.6211
2.4513 0.6286
2.4514 0.6362
2.4515 0.6438
2.4732 0.6514
2.4732 0.659
2.4733 0.6665
2.4734 0.6742
2.4734 0.6817
2.495 0.6894
2.4952 0.697
2.4953 0.7045
2.4953 0.7121
2.5171 0.7197
2.5171 0.7273
2.5171 0.7349
2.5173 0.7425
2.5173 0.7501
2.539 0.7577
2.5391 0.7652
2.5392 0.7728
2.5392 0.7804
2.5393 0.788
2.561 0.7955
2.5611 0.8032
2.5611 0.8108
2.5612 0.8184
2.5613 0.8258
2.583 0.8336
2.583 0.8412
2.5831 0.8487
2.5832 0.8563
2.6049 0.8639
2.6049 0.8715
2.605 0.8791
2.6051 0.8867
2.6268 0.8942
2.6269 0.9019
2.6269 0.9095
2.627 0.9171
2.6487 0.9247
2.6488 0.9323
2.6488 0.9398
2.6489 0.9474
2.6705 0.955
2.6707 0.9626
2.6707 0.9702
2.6707 0.9778
2.6925 0.9854
2.6926 0.9929
2.6926 1.0006
2.7144 1.0082
2.7144 1.0158
2.7145 1.0234
2.7146 1.031
2.7363 1.0386
2.7363 1.0462
2.7364 1.0537
2.7581 1.0614
2.7582 1.069
2.7582 1.0765
2.7799 1.0842
2.78 1.0918
2.7801 1.0993
2.8018 1.107
2.8018 1.1146
2.8235 1.1222
2.8235 1.1298
2.8453 1.1374
2.8454 1.145
2.8671 1.1526
2.8672 1.1602
2.8673 1.1678
2.889 1.1754
2.889 1.183
2.8891 1.1905
2.9108 1.1982
2.9109 1.2058
2.9325 1.2134
2.9325 1.221
2.9327 1.2286
2.9544 1.2362
2.9545 1.2438
2.9546 1.2514
2.9763 1.259
2.9763 1.2666
2.9764 1.2742
2.9765 1.2817
2.9982 1.2894
2.9982 1.297
2.9983 1.3045
2.9984 1.3121
3.0201 1.3197
3.0202 1.3273
3.0202 1.3349
3.0203 1.3425
3.042 1.3501
3.0421 1.3577
3.0421 1.3653
3.0422 1.3729
3.0423 1.3804
3.0423 1.388
3.0424 1.3956
3.0641 1.4032
3.0642 1.4108
3.0642 1.4184
3.0643 1.426
3.086 1.4336
3.0861 1.4412
3.0861 1.4487
3.0862 1.4563
3.0863 1.4639
3.0863 1.4715
3.108 1.4791
3.1081 1.4867
3.1082 1.4943
3.1082 1.5018
3.1083 1.5093
3.1084 1.517
3.1301 1.5246
3.1301 1.5322
3.1302 1.5398
3.1303 1.5474
3.152 1.555
3.1521 1.5626
3.1521 1.5702
3.1522 1.5777
3.1522 1.5853
3.1522 1.5929
3.1524 1.6005
3.1741 1.608
3.1742 1.6157
3.1742 1.6233
3.1743 1.6308
3.1743 1.6383
3.1961 1.646
3.1961 1.6536
3.1962 1.6612
3.1963 1.6688
3.1963 1.6764
3.218 1.684
3.2181 1.6916
3.2182 1.6991
3.2399 1.7067
3.24 1.7144
3.24 1.7219
3.2401 1.7295
3.2401 1.737
3.2619 1.7447
3.2619 1.7523
3.262 1.7599
3.2837 1.7675
3.2838 1.7751
3.2838 1.7827
3.3054 1.7903
3.3056 1.7979
3.3273 1.8054
3.3274 1.8131
3.3275 1.8207
3.3492 1.8283
3.3492 1.8359
3.3709 1.8435
3.3927 1.8512
3.3927 1.8588
3.3928 1.8662
3.4144 1.874
3.4146 1.8816
3.4363 1.8892
3.4363 1.8968
3.4364 1.9043
3.4365 1.9119
3.4365 1.9195
3.4582 1.9271
3.4583 1.9346
3.4584 1.9423
3.4801 1.9499
3.4802 1.9575
3.4802 1.9651
3.5019 1.9727
3.502 1.9803
3.5021 1.9879
3.5021 1.9955
3.5238 2.0031
3.5239 2.0107
3.524 2.0183
3.5457 2.0259
3.5674 2.0335
3.5891 2.0412
3.6108 2.0488
3.6324 2.0565
3.6542 2.0641
3.6543 2.0717
3.676 2.0793
3.6977 2.087
3.7194 2.0946
3.7195 2.1022
3.7412 2.1098
3.7412 2.1174
3.763 2.125
3.7631 2.1326
3.7848 2.1403
3.8064 2.1403
3.8281 2.1404
3.8496 2.1329
3.8496 2.1253
3.8711 2.1178
3.8927 2.1103
3.8927 2.1027
3.8925 2.0951
3.8925 2.0876
3.9141 2.08
3.914 2.0725
3.9356 2.065
3.9356 2.0574
3.9355 2.0498
3.9571 2.0423
3.9569 2.0347
3.9569 2.0271
3.9785 2.0196
3.9785 2.0121
3.9784 2.0045
4.0 1.9969
3.9999 1.9893
3.9998 1.9818
4.0214 1.9743
4.0214 1.9667
4.0213 1.9592
4.0429 1.9516
4.0428 1.9441
4.0644 1.9365
4.0643 1.929
4.0643 1.9214
4.0858 1.9139
4.0858 1.9062
4.1073 1.8988
4.1289 1.8913
4.1289 1.8837
4.1504 1.8761
4.1504 1.8686
4.1503 1.8611
4.1719 1.8536
4.1718 1.846
4.1934 1.8385
4.215 1.831
4.2366 1.831
4.2583 1.8311
4.2799 1.8312
4.3016 1.8388
4.3233 1.8389
4.345 1.8465
4.3666 1.8466
4.3883 1.8542
4.4101 1.8618
4.4316 1.8542
4.4533 1.8544
4.4748 1.8469
4.4748 1.8393
4.4964 1.8317
4.4963 1.8242
4.5179 1.8167
4.5178 1.8091
4.5178 1.8016
4.5393 1.7941
4.5393 1.7865
4.5392 1.7789
4.5391 1.7713
4.5607 1.7638
4.5607 1.7562
4.5606 1.7487
4.5605 1.741
4.5821 1.7336
4.5819 1.726
4.5819 1.7184
4.6036 1.7109
4.6035 1.7033
4.6034 1.6958
4.6034 1.6882
4.6249 1.6806
4.6249 1.6731
4.6248 1.6655
4.6247 1.658
4.6463 1.6503
4.6463 1.6429
4.6461 1.6353
4.6461 1.6277
4.6677 1.6202
4.6676 1.6126
4.6676 1.6051
4.6892 1.5975
4.6891 1.5899
4.689 1.5824
4.7106 1.5749
4.7105 1.5673
4.7105 1.5596
4.7104 1.5522
4.732 1.5446
4.7319 1.5371
4.7534 1.5295
4.7534 1.522
4.7534 1.5144
4.775 1.5069
4.7749 1.4993
4.7965 1.4918
4.7964 1.4842
4.818 1.4767
4.8396 1.4692
4.8395 1.4616
4.8611 1.4617
4.8827 1.4542
4.9043 1.4543
4.9261 1.4619
4.9477 1.462
4.9694 1.4696
4.991 1.4697
5.0127 1.4697
5.0343 1.4622
5.0342 1.4546
5.0558 1.4471
5.0558 1.4396
5.0773 1.4321
5.0773 1.4245
5.0772 1.4169
5.0988 1.4094
5.0987 1.4018
5.0987 1.3942
5.1202 1.3867
5.1202 1.3792
5.1201 1.3716
5.12 1.3639
5.12 1.3564
5.1415 1.3489
5.1415 1.3413
5.1414 1.3338
5.1414 1.3262
5.1413 1.3186
5.1629 1.3111
5.1628 1.3035
5.1627 1.2959
5.1627 1.2884
5.1842 1.2809
5.1842 1.2732
5.1841 1.2657
5.1841 1.2581
5.184 1.2506
5.2056 1.2429
5.2055 1.2355
5.2054 1.2279
5.227 1.2204
5.227 1.2128
5.2485 1.2053
5.2702 1.2129
5.2486 1.2129
5.2703 1.2205
5.292 1.2206
5.292 1.2282
5.2921 1.2357
5.3138 1.2434
5.3139 1.251
5.3139 1.2585
5.3356 1.2662
5.3357 1.2737
5.3357 1.2812
5.3357 1.2889
5.3575 1.2965
5.3576 1.3041
5.3577 1.3117
5.3577 1.3193
5.3578 1.3268
5.3795 1.3345
5.3796 1.3421
5.3797 1.3496
5.3797 1.3572
5.4014 1.3649
5.4015 1.3724
5.4016 1.38
5.4233 1.3876
5.4233 1.3952
5.4234 1.4028
5.4235 1.4104
5.4452 1.418
5.4452 1.4256
5.467 1.4332
5.4887 1.4409
5.4887 1.4485
5.5104 1.4485
5.5321 1.4562
5.5537 1.4638
5.5754 1.4639
5.5972 1.4715
5.6188 1.4716
5.6404 1.4792
5.6622 1.4793
5.6838 1.4793
5.7054 1.4794
5.7271 1.4795
5.7487 1.4795
5.7704 1.4796
5.792 1.4797
5.8136 1.4797
5.8353 1.4798
5.857 1.4799
5.8784 1.4724
5.9001 1.4647
5.9217 1.4573
5.9434 1.4574
5.9649 1.4499
5.9649 1.4423
5.9864 1.4348
6.008 1.4273
