310.4987 1.5495
310.5057 1.5493
311.5204 1.5492
311.5274 1.549
312.5421 1.5488
313.5567 1.5486
313.5636 1.5484
314.5784 1.5483
314.5854 1.5481
315.6 1.5479
315.6071 1.5476
316.6217 1.5476
317.6364 1.5474
317.6434 1.5472
318.6581 1.547
318.6651 1.5469
319.6798 1.5467
320.6944 1.5465
320.7014 1.5463
321.7161 1.5462
322.7307 1.546
322.7378 1.5457
323.7524 1.5455
323.7593 1.5455
324.7741 1.5453
325.7887 1.5451
325.7957 1.5449
326.8104 1.5448
327.825 1.5446
327.8321 1.5444
328.8467 1.5442
329.8614 1.5441
329.8683 1.5439
330.8831 1.5436
331.8977 1.5434
331.9047 1.5434
332.9194 1.5432
333.934 1.543
334.9487 1.5428
334.9557 1.5427
335.9703 1.5425
336.9849 1.5423
336.992 1.5421
338.0067 1.542
339.0213 1.5417
340.0359 1.5415
340.043 1.5413
341.0576 1.5413
342.0723 1.5411
343.0869 1.5409
344.1015 1.5407
344.1086 1.5406
345.1232 1.5404
346.1379 1.5402
347.1525 1.54
347.1595 1.5399
348.1742 1.5396
349.1888 1.5394
350.2035 1.5393
351.2181 1.5392
352.2327 1.539
352.2398 1.5388
353.2544 1.5386
354.2691 1.5384
355.2837 1.5383
356.2983 1.5381
357.313 1.5379
358.3276 1.5377
359.3422 1.5375
359.3493 1.5373
360.3639 1.5372
361.3786 1.537
362.3932 1.5369
363.4078 1.5367
364.4224 1.5365
365.4371 1.5363
366.4518 1.5362
367.4664 1.536
368.4809 1.5358
369.4957 1.5356
370.5103 1.5354
371.525 1.5352
372.5396 1.5351
373.5542 1.5349
374.5689 1.5348
375.5835 1.5346
376.5981 1.5344
377.6128 1.5342
378.6274 1.5341
379.635 1.5341
379.6421 1.5339
380.6497 1.5339
380.6566 1.5337
381.6643 1.5337
382.6789 1.5335
383.6936 1.5333
384.7082 1.5332
385.7227 1.533
386.7375 1.5328
387.7521 1.5327
388.7597 1.5326
389.7743 1.5325
390.789 1.5323
391.8035 1.5321
392.8183 1.5319
393.8329 1.5318
394.8405 1.5318
395.8551 1.5316
396.8698 1.5314
397.8843 1.5312
398.899 1.5311
399.9066 1.5311
400.9213 1.5309
401.9359 1.5307
402.9506 1.5305
403.9581 1.5305
404.9727 1.5304
405.9874 1.5302
407.0021 1.53
408.0097 1.53
409.0243 1.5298
410.0319 1.5298
411.0465 1.5297
412.0612 1.5295
413.0758 1.5293
414.0904 1.5291
415.098 1.5291
416.1127 1.529
417.1273 1.5288
418.1349 1.5288
419.1495 1.5286
420.1642 1.5284
421.1718 1.5284
422.1864 1.5282
423.201 1.5281
424.2086 1.5281
425.2233 1.5279
426.2379 1.5276
427.2455 1.5276
428.2601 1.5274
429.2677 1.5274
430.2824 1.5274
431.297 1.5272
432.3046 1.5272
433.3192 1.527
434.3338 1.5268
435.3415 1.5268
436.3561 1.5267
437.3637 1.5267
438.3783 1.5265
439.3859 1.5265
440.4006 1.5263
441.4152 1.5261
442.4228 1.5261
443.4374 1.526
444.445 1.526
445.4597 1.5258
446.4673 1.5258
447.4819 1.5255
448.4895 1.5255
449.5041 1.5253
450.5188 1.5253
451.5264 1.5253
452.541 1.5251
453.5486 1.5251
454.5632 1.5249
455.5708 1.5249
456.5855 1.5247
457.5931 1.5247
458.6077 1.5245
459.6153 1.5245
460.6299 1.5244
461.6375 1.5244
462.6522 1.5242
463.6597 1.5242
464.6743 1.524
465.682 1.524
466.6966 1.5238
467.7042 1.5238
468.7187 1.5237
469.7264 1.5237
470.741 1.5234
471.7487 1.5234
472.7563 1.5234
473.7709 1.5232
474.7785 1.5232
475.7931 1.5231
476.8007 1.5231
477.8154 1.523
478.8229 1.523
479.8376 1.5228
480.8452 1.5228
481.8528 1.5228
482.8674 1.5226
483.875 1.5226
484.8896 1.5224
485.8972 1.5224
486.9119 1.5222
487.9195 1.5222
488.9341 1.5221
489.9417 1.5221
490.9493 1.5221
491.9639 1.5219
492.9715 1.5219
493.9862 1.5217
494.9937 1.5217
496.0013 1.5217
497.016 1.5215
498.0236 1.5215
499.0382 1.5213
500.0458 1.5213
501.0534 1.5213
502.061 1.5213
503.0756 1.5211
504.0832 1.5211
505.0979 1.521
506.1054 1.521
507.1201 1.5208
508.1277 1.5208
509.1353 1.5208
510.1499 1.5207
511.1575 1.5207
512.1721 1.5205
513.1797 1.5205
514.1873 1.5205
515.202 1.5203
516.2096 1.5203
517.2171 1.5203
518.2318 1.5201
519.2394 1.5201
520.2469 1.5201
521.2616 1.5199
522.2692 1.5199
523.2768 1.5199
524.2913 1.5198
525.299 1.5198
526.3066 1.5198
527.3212 1.5196
528.3288 1.5196
529.3364 1.5196
530.3511 1.5194
531.3587 1.5194
532.3663 1.5194
533.3809 1.5192
534.3885 1.5192
535.3961 1.5192
536.4107 1.5191
537.4183 1.5191
538.4259 1.5191
539.4405 1.5189
540.4481 1.5189
541.4557 1.5189
542.4704 1.5187
543.478 1.5187
544.4855 1.5187
545.4931 1.5187
546.5078 1.5185
547.5154 1.5185
548.523 1.5185
549.5375 1.5183
550.5452 1.5183
551.5528 1.5183
552.5604 1.5183
553.568 1.5183
554.5826 1.5182
555.5901 1.5182
556.6048 1.518
557.6124 1.518
558.62 1.518
559.6347 1.5178
560.6423 1.5178
561.6498 1.5178
562.6574 1.5178
563.6721 1.5175
564.6797 1.5175
565.6873 1.5175
566.6949 1.5175
567.7095 1.5175
568.717 1.5175
569.7247 1.5175
570.7393 1.5173
571.7469 1.5173
572.7545 1.5173
573.7621 1.5173
574.7767 1.5171
575.7843 1.5171
576.7919 1.5171
577.7995 1.5171
578.8141 1.5169
579.8216 1.5169
580.8293 1.5169
581.8369 1.5169
582.8516 1.5167
583.8591 1.5167
584.8667 1.5167
585.8742 1.5167
586.889 1.5166
587.8965 1.5166
588.9042 1.5166
589.9117 1.5166
590.9264 1.5164
591.934 1.5164
592.9416 1.5164
593.9492 1.5164
594.9638 1.5162
595.9714 1.5162
596.979 1.5162
597.9866 1.5162
599.0012 1.516
600.0088 1.516
601.0164 1.516
602.024 1.516
603.0316 1.516
604.0392 1.516
605.0538 1.5159
606.0614 1.5159
607.069 1.5159
608.0836 1.5157
609.0912 1.5157
610.0988 1.5157
611.1064 1.5157
612.114 1.5157
613.1286 1.5154
614.1362 1.5154
615.1438 1.5154
616.1514 1.5154
617.1661 1.5152
618.1737 1.5152
619.1812 1.5152
620.1888 1.5152
621.1964 1.5152
622.2111 1.5151
623.2187 1.5151
624.2263 1.5151
625.2338 1.5151
626.2414 1.5151
627.2561 1.515
628.2637 1.515
629.2713 1.515
630.2788 1.515
631.2864 1.515
632.3011 1.5148
633.3087 1.5148
634.3163 1.5148
635.3239 1.5148
636.3314 1.5148
637.3461 1.5146
638.3537 1.5146
639.3613 1.5146
640.3689 1.5146
641.3765 1.5146
642.3911 1.5144
643.3987 1.5144
644.4062 1.5144
645.4139 1.5144
646.4215 1.5144
647.4361 1.5142
648.4437 1.5142
649.4513 1.5142
650.4588 1.5142
651.4665 1.5142
652.4741 1.5142
653.4887 1.5141
654.4963 1.5141
655.5039 1.5141
656.5114 1.5141
657.5191 1.5141
658.5337 1.5139
659.5413 1.5139
660.5489 1.5139
661.5565 1.5139
662.5641 1.5139
663.5787 1.5137
664.5863 1.5137
665.5939 1.5137
666.6015 1.5137
667.6091 1.5137
668.6167 1.5137
669.6313 1.5135
670.6389 1.5135
671.6465 1.5135
672.6541 1.5135
673.6617 1.5135
674.6693 1.5135
675.6839 1.5133
676.6915 1.5133
677.6991 1.5133
678.7067 1.5133
679.7143 1.5133
680.7219 1.5133
681.7365 1.5131
682.7441 1.5131
683.7517 1.5131
684.7593 1.5131
685.7669 1.5131
686.7745 1.5131
687.7891 1.513
688.7967 1.513
689.8043 1.513
690.8119 1.513
