1.5523 2.5398
1.5735 2.5518
1.5948 2.5518
1.616 2.5638
1.6375 2.5758
1.6585 2.5758
1.68 2.5878
1.7013 2.5998
1.7226 2.6118
1.7439 2.624
1.7652 2.636
1.7865 2.648
1.8077 2.6601
1.8292 2.6721
1.8293 2.6843
1.8506 2.6963
1.8719 2.7083
1.8932 2.7204
1.9144 2.7324
1.9146 2.7446
1.9359 2.7445
1.936 2.7566
1.9573 2.7686
1.9574 2.7808
1.9787 2.7928
2.0001 2.8048
2.0002 2.817
2.0215 2.829
2.0428 2.8411
2.0429 2.8532
2.0643 2.8652
2.0644 2.8773
2.0857 2.8894
2.0858 2.9015
2.1071 2.9135
2.1284 2.9256
2.1286 2.9377
2.1499 2.9498
2.1712 2.9618
2.1713 2.9739
2.1926 2.986
2.214 2.998
2.2353 3.0101
2.2566 3.0221
2.2567 3.0342
2.278 3.0463
2.2993 3.0583
2.3207 3.0703
2.3208 3.0825
2.3421 3.0945
2.3634 3.1066
2.3635 3.1187
2.3849 3.1307
2.4062 3.1428
2.4062 3.1549
2.4276 3.1669
2.4489 3.179
2.4702 3.191
2.4914 3.1909
2.5126 3.1909
2.5339 3.2029
2.5551 3.2028
2.5763 3.2028
2.5974 3.1905
2.6185 3.1905
2.6396 3.1783
2.6606 3.1661
2.6818 3.166
2.6817 3.1539
2.7027 3.1417
2.724 3.1416
2.745 3.1294
2.7661 3.1172
2.7871 3.105
2.8082 3.0928
2.8292 3.0806
2.8502 3.0684
2.8714 3.0562
2.8925 3.0561
2.9136 3.044
2.9348 3.0439
2.956 3.0438
2.9771 3.0437
2.9983 3.0436
3.0195 3.0436
3.0407 3.0435
3.0619 3.0434
3.0831 3.0433
3.1043 3.0433
3.1253 3.0311
3.1464 3.0189
3.1674 3.0067
3.1673 2.9945
3.1884 2.9823
3.1882 2.9702
3.2093 2.958
3.2092 2.9459
3.2302 2.9337
3.2301 2.9216
3.2511 2.9094
3.251 2.8973
3.2509 2.8851
3.272 2.873
3.2718 2.8608
3.2717 2.8487
3.2928 2.8365
3.2926 2.8244
3.2925 2.8123
3.3136 2.8001
3.3134 2.788
3.3345 2.7758
3.3344 2.7635
3.3342 2.7515
3.3553 2.7393
3.3552 2.7271
3.355 2.7151
3.3761 2.7029
3.376 2.6907
3.397 2.6785
3.3969 2.6663
3.4179 2.6542
3.4178 2.6421
3.4389 2.6299
3.4386 2.6178
3.4598 2.6056
3.4597 2.5935
3.4807 2.5813
3.4806 2.5692
3.5017 2.557
3.5015 2.5448
3.5226 2.5326
3.5225 2.5205
3.5223 2.5084
3.5222 2.4963
3.5433 2.4841
3.5431 2.472
3.543 2.4598
3.5641 2.4476
3.5638 2.4355
3.5638 2.4234
3.5636 2.4113
3.5847 2.3991
3.5846 2.387
3.5845 2.3748
3.6055 2.3626
3.6054 2.3505
3.6053 2.3384
3.6263 2.3262
3.6261 2.3141
3.6473 2.3019
3.6471 2.2898
3.647 2.2776
3.6681 2.2654
3.6679 2.2533
3.6678 2.2412
3.6888 2.229
3.6886 2.2169
3.6886 2.2048
3.7097 2.1926
3.7307 2.1804
3.7306 2.1683
3.7305 2.1561
3.7303 2.144
3.7513 2.1318
3.7513 2.1197
3.7511 2.1076
3.7722 2.0954
3.7721 2.0833
3.7719 2.0711
3.7718 2.059
3.7929 2.0468
3.7927 2.0347
3.7926 2.0226
3.8136 2.0104
3.8135 1.9983
3.8134 1.9861
3.8133 1.974
3.8343 1.9618
3.8342 1.9497
3.834 1.9376
3.834 1.9255
3.855 1.9133
3.8549 1.9011
3.8548 1.889
3.8546 1.8769
3.8757 1.8647
3.8756 1.8526
3.8754 1.8405
3.8753 1.8283
3.8963 1.8161
3.8961 1.804
3.8961 1.7919
3.9172 1.7797
3.917 1.7675
3.9169 1.7555
3.938 1.7433
3.9378 1.7311
3.9377 1.7189
3.9588 1.7067
3.9586 1.6947
3.9797 1.6825
3.9796 1.6703
3.9794 1.6583
4.0005 1.6461
4.0215 1.6339
4.0214 1.6217
4.0425 1.6095
4.0423 1.5974
4.0634 1.5852
4.0845 1.573
4.1055 1.5608
4.1266 1.5486
4.1264 1.5365
4.1476 1.5364
4.1687 1.5242
4.1897 1.512
4.2109 1.512
4.2321 1.5119
4.2533 1.5118
4.2744 1.4996
4.2953 1.4874
4.3165 1.4752
4.3375 1.463
4.3586 1.4508
4.3796 1.4386
4.3795 1.4264
4.3794 1.4144
4.4003 1.4022
4.4003 1.3901
4.4214 1.3779
4.4212 1.3657
4.4211 1.3536
4.4422 1.3414
4.442 1.3293
4.4419 1.3172
4.463 1.305
4.4628 1.2929
4.4839 1.2807
4.4838 1.2685
4.4836 1.2564
4.5047 1.2442
4.5046 1.2321
4.5044 1.22
4.5255 1.2078
4.5253 1.1957
4.5464 1.1835
4.5463 1.1713
4.5674 1.1591
4.5672 1.147
4.5883 1.1348
4.6093 1.1226
4.6092 1.1105
4.6303 1.1104
4.6515 1.0982
4.6726 1.0982
4.6937 1.086
4.7149 1.0859
4.7361 1.0858
4.7574 1.0979
4.7786 1.0977
4.7997 1.0977
4.8211 1.1097
4.8424 1.1218
4.8636 1.1217
4.8849 1.1338
4.9061 1.1337
4.9273 1.1336
4.9484 1.1335
4.9695 1.1213
4.9907 1.1212
4.9906 1.1091
5.0116 1.0969
5.0327 1.0847
5.0325 1.0726
5.0536 1.0604
5.0747 1.0482
5.0957 1.036
5.0956 1.0239
5.1166 1.0117
5.1378 1.0116
5.159 1.0115
5.1803 1.0236
5.2016 1.0356
5.2018 1.0478
5.2019 1.0599
5.2232 1.0719
5.2233 1.084
5.2235 1.0962
5.2448 1.1082
5.2449 1.1203
5.245 1.1324
5.2664 1.1445
5.2665 1.1566
5.2666 1.1687
5.2879 1.1808
5.2881 1.1929
5.2882 1.205
5.3094 1.2171
5.3096 1.2292
5.3309 1.2412
5.3311 1.2533
5.3523 1.2533
5.3734 1.2532
5.3946 1.253
5.4157 1.2409
5.4367 1.2287
5.4578 1.2165
5.4577 1.2044
5.4787 1.1922
5.4786 1.1801
5.4997 1.1679
5.5208 1.1678
5.5207 1.1557
5.5417 1.1435
5.5628 1.1313
5.5838 1.1191
5.6049 1.1069
5.6048 1.0948
5.6259 1.0826
5.6469 1.0704
5.6468 1.0583
5.6679 1.0461
5.6888 1.0339
5.71 1.0217
5.7309 1.0095
5.7309 0.9973
5.7521 0.9973
5.7731 0.9851
5.773 0.9729
5.7941 0.9607
5.7939 0.9485
5.815 0.9364
5.8361 0.9242
5.8571 0.912
5.857 0.8999
5.878 0.8877
5.8991 0.8755
5.899 0.8634
5.92 0.8512
5.9411 0.839
5.9621 0.8268
5.962 0.8147
5.983 0.8025
6.0041 0.7903
6.0252 0.7781
6.0462 0.7659
6.0673 0.7537
6.0884 0.7415
